CancerType	TotalIndividuals	IndividualsWithout	pvalue	Bonferroni	FDR
ACC	13	75	3.73820611848109e-06	0.000127099008028357	5.52604382731987e-06
DLBC	5	43	3.5166297056792e-05	0.00119565409993093	4.98189208304554e-05
READ	76	40	1.46410259513941e-09	4.97794882347401e-08	2.61997306498632e-09
GBM	88	218	0.00117959466968823	0.0401062187693998	0.00138297306101379
THCA	2	445	3.96996935009175e-90	1.34978957903119e-88	6.74894789515597e-89
BLCA	200	208	1.85287155356134e-06	6.29976328210855e-05	2.8635287645948e-06
UCEC	61	182	3.92739372488339e-05	0.00133531386646035	5.34125546584141e-05
PCPG	1	161	4.72890803583733e-32	1.60782873218469e-30	2.29689818883527e-31
CESC	10	183	2.43238074862068e-26	8.27009454531031e-25	7.51826776846392e-26
UCS	49	7	1.17512114838068e-14	3.99541190449432e-13	2.66360793632954e-14
THYM	4	119	9.51488339180691e-20	3.23506035321435e-18	2.48850796401104e-19
LIHC	116	252	0.0157417460215043	0.535219364731147	0.0172651407977789
CHOL	4	32	0.000773815189210624	0.0263097164331612	0.000939632729755757
LAML	15	173	8.71998558390247e-21	2.96479509852684e-19	2.4706625821057e-20
GBMLGG	324	495	0.228509694984555	1	0.242791550921089
STAD	169	209	0.00407598449478824	0.1385834728228	0.00461944909409333
SKCM	48	240	4.33333355505494e-15	1.47333340871868e-13	1.05238100622763e-14
COAD	133	136	7.06558092390381e-05	0.0024022975141273	9.23960582356652e-05
PAAD	98	47	2.49953219608027e-13	8.49840946667291e-12	5.31150591667057e-13
TGCT	2	148	6.68605612868339e-28	2.27325908375235e-26	2.27325908375235e-27
MESO	10	73	2.8201861983314e-07	9.58863307432677e-06	4.79431653716338e-07
LUNG	398	268	3.88912967917409e-33	1.32230409091919e-31	2.20384015153198e-32
KIRC	4	209	1.4334583929737e-37	4.87375853611058e-36	1.21843963402765e-36
ESCA	84	7	3.65017047109998e-28	1.24105796017399e-26	1.37895328908221e-27
SARC	91	161	0.645338727387477	1	0.645338727387477
KIRP	3	167	1.96447035964476e-30	6.67919922279217e-29	8.34899902849021e-30
LGG	235	278	9.98131431729552e-05	0.00339364686788048	0.000125690624736314
COADREAD	209	175	8.7281891959292e-12	2.96758432661593e-10	1.64865795923107e-11
HNSC	354	150	2.53852739869454e-52	8.63099315556143e-51	2.87699771852048e-51
PRAD	45	376	7.55377280942764e-37	2.5682827552054e-35	5.1365655104108e-36
LUAD	257	231	5.05321399208085e-12	1.71809275730749e-10	1.01064279841617e-11
BRCA	293	671	1.12686037062048e-06	3.83132526010962e-05	1.8244406000522e-06
OV	373	78	3.13494942784622e-90	1.06588280546772e-88	6.74894789515597e-89
KICH	20	46	0.251952990486611	1	0.259587929592266
