CancerType	TotalIndividuals	IndividualsWithout	pvalue	Bonferroni	FDR
ACC	13	75	2.31857685689881e-06	7.88316131345597e-05	3.58325514247998e-06
DLBC	5	43	3.36965862592907e-05	0.00114568393281588	4.40647666467647e-05
READ	77	39	5.0401189412275e-10	1.71364044001735e-08	9.01916021061762e-10
GBM	88	218	0.000781574949886596	0.0265735482961443	0.000916329251591182
THCA	2	445	2.49229445857929e-91	8.47380115916959e-90	8.47380115916959e-90
BLCA	200	208	3.33473707659156e-06	0.000113381060604113	4.92961133061361e-06
UCEC	62	181	4.10627502640705e-05	0.0013961335089784	5.17086484806814e-05
PCPG	1	161	1.84741364768712e-32	6.28120640213622e-31	1.04686773368937e-31
CESC	10	183	1.12802066494644e-26	3.83527026081791e-25	3.48660932801628e-26
UCS	50	6	1.50086142996186e-15	5.10292886187031e-14	3.64494918705022e-15
THYM	4	119	4.34732829658662e-20	1.47809162083945e-18	1.13699355449189e-19
LIHC	116	252	0.0100478319434353	0.341626286076801	0.011020202776671
CHOL	4	32	0.000468720143298771	0.0159364848721582	0.00056916017400565
LAML	15	173	4.33079927475332e-21	1.47247175341613e-19	1.22705979451344e-20
GBMLGG	330	489	0.153438271885783	1	0.163028163878644
STAD	172	206	0.00244129524658042	0.0830040383837343	0.00276680127945781
SKCM	48	240	1.70169518172842e-15	5.78576361787663e-14	3.85717574525109e-15
COAD	138	131	7.34756868052574e-06	0.000249817335137875	1.04090556307448e-05
PAAD	99	46	1.36970951965895e-13	4.65701236684042e-12	2.91063272927526e-13
TGCT	2	148	2.74896656980991e-28	9.34648633735368e-27	1.03849848192819e-27
MESO	10	73	2.75029735974775e-07	9.35101102314234e-06	4.67550551157117e-07
LUNG	399	267	2.21102173045262e-32	7.5174738835389e-31	1.07392484050556e-31
KIRC	4	209	3.0712457937973e-38	1.04422356989108e-36	2.61055892472771e-37
ESCA	84	7	7.82632059582831e-28	2.66094900258162e-26	2.66094900258162e-27
SARC	91	161	0.599007192555862	1	0.599007192555862
KIRP	3	167	7.95263760410493e-31	2.70389678539568e-29	3.3798709817446e-30
LGG	241	272	2.03854696830408e-05	0.000693105969223386	2.77242387689354e-05
COADREAD	215	169	3.71170634592321e-13	1.26198015761389e-11	7.42341269184643e-13
HNSC	355	149	5.71240210098711e-52	1.94221671433562e-50	6.47405571445205e-51
PRAD	45	376	1.97671456187059e-37	6.72082951036e-36	1.344165902072e-36
LUAD	258	230	7.89587433230122e-12	2.68459727298241e-10	1.49144292943467e-11
BRCA	296	668	9.88794287359638e-07	3.36190057702277e-05	1.60090503667751e-06
OV	373	78	7.39417084463518e-89	2.51401808717596e-87	1.25700904358798e-87
KICH	20	46	0.251739761682195	1	0.259368239308928
